6       11
0 1 5 10 30 45
 0.0    2.0    4.0   10.0   20.0   40.0   60.0
 80.0   85.0   88.0   90.0
 0.0    0.3    1.5    3.2 
 8.5   12.0
 0.5    1.1    2.8    4.5 
 9.2   13.0
 1.2    2.5    4.2    6.8 
11.0   15.0
 3.4    4.8    7.5   11.0 
14.0   16.0
 8.1    9.3   12.0   15.0 
17.0   18.0
 9.2   10.0   13.0   16.0 
18.0   19.0
 9.8   11.0   14.0   16.0 
18.0   19.0
10.0   13.0   15.0   17.0 
19.0   20.0
12.0   14.0   16.0   18.0 
19.0   20.0
15.0   16.0   17.0   19.0 
20.0   20.0
18.0   19.0   19.0   20.0 
20.0   20.0
